0 1.0 0.0 0.0 0.0 1.0 0.0 0.0 0.0 1.0
1 0.871703 0.222629 0.436543 -0.133483 0.965031 -0.225604 -0.471503 0.138389 0.870938
2 0.942572 0.091134 0.321331 -0.01791 0.974462 -0.223837 -0.333524 0.205227 0.920133
3 0.957446 0.051325 0.28401 -0.073907 0.99485 0.069367 -0.278987 -0.087405 0.956308
4 0.987089 -0.134574 -0.086855 0.117848 0.977462 -0.175153 0.10847 0.162656 0.980702
5 0.988827 -0.004414 0.149002 0.048133 0.955475 -0.291119 -0.141083 0.295039 0.945011
6 0.987719 0.029954 0.153341 -0.025743 0.999237 -0.029373 -0.154103 0.025065 0.987737
7 0.999022 -0.039257 0.020359 0.043259 0.963107 -0.265619 -0.009181 0.26624 0.963863
8 0.990448 0.032261 0.134056 -0.039011 0.998083 0.048039 -0.132249 -0.05281 0.989808
9 0.967057 0.05618 0.248284 -0.029797 0.99362 -0.10877 -0.25281 0.097788 0.962561
10 0.984928 -0.122225 -0.122383 0.055387 0.89318 -0.446277 0.163857 0.432773 0.886487
11 0.992782 -0.096899 -0.070673 0.062443 0.920714 -0.385209 0.102396 0.378016 0.920119
12 0.996773 -0.077424 0.021209 0.080062 0.939451 -0.333201 0.005873 0.333824 0.942617
13 0.956624 -0.188995 -0.221705 0.146749 0.970022 -0.193709 0.251668 0.152772 0.95568
14 0.995292 -0.09593 -0.013866 0.086735 0.945333 -0.314363 0.043265 0.31168 0.949202
15 0.947971 0.087982 0.305957 0.005134 0.956703 -0.29102 -0.318314 0.27745 0.906475
16 0.930597 0.100813 0.351888 0.018284 0.947324 -0.319755 -0.365587 0.303997 0.879734
17 0.642873 0.32776 0.692307 -0.02857 0.913457 -0.40593 -0.765441 0.241182 0.596601
18 0.93257 0.120868 0.340153 0.052184 0.887244 -0.458339 -0.357198 0.445184 0.82111
19 0.969479 0.064093 0.236648 0.047325 0.898153 -0.437129 -0.240563 0.434987 0.867707
20 0.928639 0.104003 0.356109 0.021172 0.943478 -0.330758 -0.370381 0.314694 0.873948
21 0.932185 0.057252 0.357428 0.051939 0.956041 -0.288598 -0.358239 0.287591 0.888233
22 0.857812 0.163314 0.487327 0.122324 0.856054 -0.502205 -0.499196 0.490409 0.714356
23 0.955236 0.056242 0.290448 0.000311 0.981572 -0.191095 -0.295843 0.182631 0.937615
24 0.979237 -0.126383 -0.158497 0.190365 0.842053 0.504687 0.069679 -0.52438 0.848629
25 0.908879 -0.257444 -0.328118 0.119907 0.914825 -0.38564 0.399451 0.311156 0.862334
26 0.853189 -0.313798 -0.416652 0.277351 0.949437 -0.147122 0.441752 0.009964 0.897082
27 0.994013 -0.004861 0.109156 0.050879 0.904684 -0.423035 -0.096695 0.426056 0.899515
28 0.994912 0.050497 0.08718 -0.012045 0.918731 -0.394702 -0.100026 0.391644 0.914665
29 0.9785 0.026149 0.204581 0.019838 0.975398 -0.219556 -0.205289 0.218894 0.953909
30 0.979296 0.034076 0.199545 0.016586 0.968911 -0.246854 -0.201753 0.245053 0.948285
31 0.99793 -0.059311 0.02484 0.06419 0.896047 -0.439295 0.003797 0.43998 0.898
32 0.941932 0.114113 0.315819 -0.007009 0.946966 -0.321258 -0.335729 0.300389 0.892777
33 0.795453 0.426222 0.4308 -0.372377 0.904607 -0.207417 -0.478111 0.004571 0.878288
34 0.984351 0.02672 0.174181 0.012333 0.975568 -0.219355 -0.175787 0.21807 0.959972
35 0.984701 -0.13401 -0.111377 0.068969 0.886714 -0.457146 0.160022 0.442471 0.882391
36 0.940785 -0.173422 -0.291287 0.049703 0.920521 -0.38752 0.33534 0.350095 0.874632
37 0.958445 -0.178716 -0.222362 0.121281 0.960768 -0.249429 0.258215 0.212096 0.942518
38 0.992265 -0.100615 -0.072713 0.079996 0.966155 -0.245247 0.094927 0.237533 0.96673
39 0.992404 -0.011009 0.122529 0.069824 0.870424 -0.487326 -0.101288 0.492179 0.864581
40 0.940323 0.095455 0.326619 -0.006447 0.964674 -0.263368 -0.34022 0.245545 0.907721
41 0.936619 0.093449 0.337656 -0.033379 0.983189 -0.179515 -0.348755 0.156867 0.923993
42 0.940025 0.088853 0.329331 0.032207 0.938045 -0.345012 -0.339583 0.334927 0.878924
43 0.962168 0.082689 0.259605 0.056016 0.872441 -0.485498 -0.266636 0.481673 0.834803
44 0.928672 0.158042 0.335546 0.040659 0.855845 -0.515632 -0.368667 0.492495 0.788374
45 0.954222 0.066336 0.291648 -0.048917 0.996578 -0.066623 -0.29507 0.049306 0.954202
46 0.931574 0.129777 0.339599 -0.003145 0.936958 -0.349429 -0.363538 0.324451 0.873253
47 0.941451 0.112292 0.317901 0.023214 0.919076 -0.393396 -0.33635 0.377743 0.862658
48 0.963442 0.076818 0.256669 0.038378 0.908563 -0.415982 -0.265154 0.410625 0.872399
49 0.931207 0.123889 0.34279 0.038419 0.901863 -0.43031 -0.36246 0.413877 0.835061
50 0.950838 0.088705 0.296715 0.000353 0.95779 -0.287471 -0.309691 0.273443 0.910671
51 0.948946 0.088493 0.302772 0.005301 0.955232 -0.29581 -0.315394 0.282313 0.905995
52 0.959435 0.053528 0.276802 0.00406 0.979086 -0.203407 -0.2819 0.19628 0.939152
53 0.996514 -0.041377 0.072438 0.057478 0.969876 -0.236719 -0.060461 0.240058 0.968873
54 0.996742 -0.008315 0.08022 0.02875 0.965957 -0.257099 -0.075352 0.258568 0.96305
55 0.992844 -0.00627 0.119251 0.018513 0.994629 -0.101838 -0.117971 0.103317 0.987627
56 0.99394 0.01254 0.109208 0.071688 0.679198 -0.730446 -0.083334 0.733848 0.674183
57 0.969403 0.242442 0.038472 -0.22671 0.944331 -0.238417 -0.094132 0.2224 0.970401
58 0.997494 -0.057567 0.041137 0.067233 0.952319 -0.297606 -0.022043 0.299626 0.953803
59 0.991113 0.014931 0.132184 0.040099 0.913926 -0.403897 -0.126837 0.405608 0.905205
60 0.993519 -0.012901 0.112929 0.067926 0.863999 -0.498891 -0.091135 0.503328 0.859276
61 0.996165 -0.086094 -0.015597 0.079218 0.963164 -0.256981 0.037148 0.254759 0.96629
62 0.995767 0.042743 0.081375 -0.009079 0.926707 -0.375677 -0.091468 0.373348 0.923172
63 0.990946 -0.083992 0.104743 0.119471 0.90759 -0.402503 -0.061257 0.411372 0.909408
64 0.987597 -0.144133 0.062273 0.156994 0.90075 -0.404974 0.002278 0.409727 0.912206
65 0.999019 -0.03327 0.029225 0.043092 0.882422 -0.468481 -0.010202 0.469281 0.88299
66 0.997837 -0.036761 0.054506 0.05506 0.920307 -0.387302 -0.035925 0.389465 0.92034
67 0.993584 -0.008216 0.112802 0.043112 0.94957 -0.310578 -0.104562 0.313448 0.943831
68 0.998083 -0.053696 0.030784 0.061836 0.886708 -0.458176 -0.002694 0.459201 0.888328
69 0.981756 -0.124884 -0.143384 0.056502 0.911622 -0.407127 0.181556 0.391597 0.902047
70 0.979854 -0.112748 -0.164844 0.057172 0.949214 -0.309392 0.191355 0.293735 0.936538
71 0.984084 -0.101416 -0.145921 0.07449 0.98095 -0.179411 0.161336 0.165686 0.972892
72 0.992966 -0.029666 -0.114625 0.056033 0.970572 0.234203 0.104304 -0.238978 0.965407
73 0.996137 0.025788 -0.083945 -0.000477 0.957484 0.288489 0.087815 -0.287335 0.953797
74 0.924423 0.109623 0.365274 0.045615 0.919138 -0.391285 -0.378631 0.378375 0.844672
75 0.987805 0.03099 0.152583 0.018397 0.949894 -0.312029 -0.154608 0.311031 0.93774
76 0.995949 0.037803 0.081579 -0.043215 0.996909 0.065615 -0.078847 -0.068875 0.994504
77 0.962634 0.033206 0.268764 -0.105466 0.960066 0.259134 -0.249426 -0.277797 0.927694
78 0.96544 0.027573 0.259163 -0.22056 0.616198 0.756077 -0.138849 -0.787108 0.600984
79 0.972416 0.158238 0.171373 -0.124272 0.973206 -0.19346 -0.197393 0.166828 0.966026
80 0.997852 -0.033331 0.056399 0.049609 0.946717 -0.31822 -0.042787 0.320335 0.946337
81 0.831383 -0.483688 0.273587 0.510881 0.858986 -0.033835 -0.218642 0.1679 0.961252
82 0.973997 0.053869 0.220062 -0.085894 0.986609 0.138656 -0.209646 -0.153952 0.965582
83 0.957556 0.133224 0.255612 -0.058892 0.958498 -0.278948 -0.282167 0.252055 0.925662
84 0.927414 0.167584 0.334393 -0.070758 0.956475 -0.283107 -0.367282 0.238897 0.898906
85 0.955125 0.073576 0.286921 0.031575 0.937849 -0.345604 -0.294517 0.339155 0.89344
86 0.965222 0.123438 0.230458 -0.113591 0.991972 -0.055568 -0.235468 0.027458 0.971495
87 0.820014 0.16883 0.546877 -0.294283 0.943895 0.149867 -0.490892 -0.283829 0.823691
88 0.973534 0.087329 0.211197 -0.130025 0.971621 0.197601 -0.187947 -0.219833 0.957261
89 0.977508 0.084833 0.193084 0.006563 0.902853 -0.4299 -0.210796 0.421498 0.881989
90 0.975914 0.079476 0.203166 -0.033852 0.975169 -0.218862 -0.215516 0.206713 0.954371
91 0.994074 0.008883 0.108339 0.02215 0.959193 -0.281885 -0.106421 0.282614 0.953312
92 0.895077 0.115823 0.430607 -0.303904 0.86512 0.39901 -0.326313 -0.488008 0.809548
93 0.999339 -0.019352 0.030782 0.031662 0.879373 -0.47508 -0.017875 0.47574 0.879404
94 0.998676 -0.048051 0.018356 0.051375 0.914161 -0.402083 0.00254 0.402494 0.915419
95 0.998356 -0.053246 0.021209 0.057238 0.907218 -0.416749 0.002949 0.417278 0.908774
96 0.976929 0.053122 0.206852 -0.008538 0.97751 -0.210716 -0.213393 0.204088 0.955412
97 0.972138 0.064154 0.225459 -0.004582 0.966836 -0.255357 -0.234365 0.247209 0.940192
98 0.972204 0.066493 0.224493 0.021051 0.930117 -0.366659 -0.233185 0.361194 0.902864
99 0.97165 0.070353 0.225712 0.038273 0.895298 -0.44382 -0.233304 0.439877 0.867224
100 0.965206 -0.172059 -0.196911 0.092711 0.929281 -0.357549 0.244505 0.326852 0.912899
101 0.993251 0.11513 -0.014049 -0.111402 0.913278 -0.391807 -0.032278 0.390727 0.91994
102 0.97155 0.062199 0.228522 -0.004458 0.96953 -0.244932 -0.236793 0.236945 0.942224
103 0.974781 0.05737 0.215664 0.005377 0.960073 -0.279699 -0.223099 0.273804 0.935552
104 0.972002 0.061468 0.226791 0.009264 0.954402 -0.298381 -0.234791 0.292128 0.927111
105 0.974302 0.055334 0.218343 0.009379 0.958548 -0.284777 -0.22505 0.279507 0.933396
106 0.974906 0.05794 0.214946 -0.034853 0.993355 -0.109689 -0.219873 0.099445 0.970447
107 0.971864 0.059547 0.227891 -0.001444 0.969005 -0.247038 -0.235538 0.239759 0.941827
108 0.972418 0.066008 0.223709 0.000248 0.958826 -0.283994 -0.233244 0.276217 0.932364
109 0.998594 -0.045673 0.026903 0.048758 0.990554 -0.128166 -0.020795 0.129297 0.991388
110 0.973997 0.055857 0.219569 0.009279 0.958484 -0.284996 -0.226372 0.279622 0.933042
111 0.968778 -0.157582 -0.191407 0.076131 0.923802 -0.375227 0.23595 0.34894 0.906956
112 0.913813 0.39149 0.108077 -0.325174 0.864702 -0.382821 -0.243325 0.314683 0.917479
113 0.965076 -0.177003 -0.193129 0.097185 0.926508 -0.363509 0.243278 0.332044 0.911353
114 0.975421 -0.149387 -0.161982 0.087282 0.936919 -0.338475 0.202328 0.316017 0.926929
115 0.926198 -0.207985 -0.314484 0.047563 0.891879 -0.449767 0.374027 0.401616 0.835948
116 0.944271 0.127715 0.303384 -0.113196 0.991441 -0.065048 -0.309095 0.027082 0.950646
117 0.97683 0.058889 0.205758 -0.011641 0.974596 -0.223671 -0.213703 0.216094 0.952699
118 0.932564 -0.180937 -0.312389 0.104908 0.963814 -0.245066 0.345426 0.195768 0.9178
119 0.997272 0.011044 0.072977 -0.022242 0.987747 0.154474 -0.070377 -0.155676 0.985298
120 0.976222 0.056792 0.209201 -0.000704 0.965896 -0.258928 -0.216772 0.252624 0.942969
121 0.739445 0.207425 0.640464 -0.211766 0.974724 -0.071187 -0.639042 -0.08299 0.764681
122 0.988179 -0.109294 -0.107501 0.090527 0.981934 -0.166164 0.123719 0.154468 0.980221
123 0.925633 -0.256324 -0.278392 0.117331 0.893804 -0.432837 0.359774 0.367985 0.857409
124 0.839017 -0.414502 0.352474 0.289885 0.888743 0.355109 -0.460452 -0.195766 0.865829
125 0.956635 -0.20644 -0.205505 0.172128 0.969778 -0.172927 0.234993 0.130055 0.963257
126 0.999881 0.013726 -0.007074 -0.012777 0.992679 0.12011 0.008671 -0.120005 0.992736
127 0.999743 -0.017472 -0.01443 0.016875 0.999036 -0.040527 0.015124 0.040273 0.999074
128 0.988794 0.119391 -0.089621 -0.071758 0.906547 0.415961 0.130908 -0.404869 0.904956
129 0.881431 0.158037 0.445089 -0.229434 0.966972 0.111018 -0.412844 -0.199973 0.888579
130 0.963365 0.063556 0.260557 -0.057587 0.997875 -0.030487 -0.261941 0.014365 0.964977
131 0.580005 0.255379 0.773547 -0.46511 0.88341 0.05709 -0.668779 -0.392897 0.631162
132 0.922729 0.046687 0.382613 -0.147343 0.959973 0.238204 -0.356177 -0.276173 0.892674
133 0.988739 -0.009684 0.149339 0.046877 0.967724 -0.247617 -0.142121 0.25183 0.95728
134 0.790165 0.07198 0.608653 -0.295513 0.914765 0.275458 -0.536947 -0.397522 0.744086
135 0.985011 0.046532 0.166097 -0.05683 0.99671 0.05779 -0.162861 -0.066363 0.984415
136 0.983897 0.035903 0.17509 -0.069712 0.979118 0.190967 -0.164577 -0.200098 0.965854
137 0.989928 0.019628 0.140205 -0.077477 0.903988 0.420481 -0.11849 -0.427108 0.896404
138 0.056235 0.958324 -0.280094 -0.997762 0.043777 -0.050541 -0.036173 0.282309 0.958641
139 0.983536 0.03643 0.177003 -0.070529 0.979175 0.190375 -0.166382 -0.199724 0.965623
140 0.958813 0.058301 0.277988 -0.026186 0.992684 -0.117871 -0.282826 0.105737 0.953325
141 0.992426 0.018066 0.121508 0.006944 0.979296 -0.202314 -0.122647 0.201625 0.971753
142 0.994955 0.052942 0.085215 -0.027383 0.960476 -0.277012 -0.096513 0.273281 0.95708
143 0.982559 -0.043598 0.180768 0.153041 0.741779 -0.652949 -0.105623 0.669226 0.735514
144 0.971276 -0.192032 0.140526 0.217662 0.478323 -0.850782 0.096161 0.856931 0.506382
145 0.842518 0.198519 0.500753 -0.456893 0.75577 0.469106 -0.285328 -0.624021 0.727452
146 0.998196 -0.059914 -0.003876 0.058617 0.986485 -0.153012 0.012991 0.152509 0.988217
147 0.993548 0.018644 0.111874 -0.004228 0.991798 -0.127744 -0.113338 0.126447 0.985478
148 0.97892 -0.129874 -0.157636 0.094716 0.972449 -0.213007 0.180957 0.193586 0.964251
149 0.980824 0.058598 0.185876 -0.035195 0.991304 -0.126798 -0.19169 0.117824 0.974358
150 0.942347 -0.211948 -0.25896 0.130498 0.945338 -0.298841 0.308143 0.247818 0.918496
151 0.986496 0.046104 0.15716 -0.006478 0.969796 -0.243833 -0.163655 0.239522 0.956999
152 0.99309 -0.090169 -0.075117 0.05894 0.936691 -0.345161 0.101484 0.338348 0.935533
153 0.986193 -0.126264 -0.107146 0.073166 0.912673 -0.402088 0.148558 0.388697 0.90931
154 0.76212 0.184868 0.620481 -0.326977 0.937069 0.122424 -0.558802 -0.296184 0.774607
155 0.982181 0.045603 0.182324 -0.025469 0.993463 -0.111282 -0.186206 0.104655 0.976921
156 0.979321 0.060763 0.192972 -0.033672 0.989482 -0.140684 -0.199491 0.131277 0.971066
157 0.945411 0.043247 0.322999 -0.129523 0.959372 0.250659 -0.299036 -0.278811 0.912602
158 0.910321 0.129643 0.393075 -0.012984 0.958157 -0.285948 -0.413699 0.255201 0.873914
159 -0.015819 0.983771 -0.178731 -0.980486 -0.050293 -0.190046 -0.19595 0.172237 0.965369
160 0.910516 0.154064 0.383698 -0.050163 0.962294 -0.267346 -0.410419 0.224176 0.883913
161 0.999208 -0.034294 0.020172 0.038901 0.948483 -0.314432 -0.00835 0.314968 0.949066
162 0.998352 -0.041323 0.039811 0.054948 0.888377 -0.455814 -0.016532 0.45725 0.889184
163 0.97644 0.064407 0.205955 -0.067543 0.997683 0.008226 -0.204948 -0.021943 0.978527
164 0.992266 -0.04373 -0.11617 0.03986 0.998577 -0.035431 0.117554 0.030526 0.992597
165 0.997658 -0.057186 0.037534 0.066319 0.943075 -0.3259 -0.016761 0.327626 0.944659
166 0.574132 0.602716 0.554172 -0.760296 0.643634 0.087666 -0.303847 -0.471667 0.827773
167 0.99566 -0.033938 0.086657 0.070519 0.882746 -0.464528 -0.060731 0.468623 0.881308
168 0.964637 -0.187465 -0.185291 0.145158 0.964593 -0.220208 0.220011 0.185524 0.957694
169 0.997913 -0.052615 0.037431 0.062131 0.940269 -0.334716 -0.017585 0.336343 0.941575
170 -0.023571 -0.962758 0.269339 0.983304 0.0263 0.180063 -0.180441 0.269086 0.946062
171 -0.035788 -0.931706 0.361446 0.980021 0.038086 0.195211 -0.195646 0.361211 0.911729
172 0.982224 0.045657 0.182075 -0.012702 0.983911 -0.178206 -0.187282 0.172726 0.967001
173 0.979139 0.038665 0.199481 0.018078 0.96126 -0.275049 -0.202388 0.272917 0.940508
174 0.955701 -0.156297 -0.24941 0.195721 0.97034 0.141891 0.219835 -0.18442 0.957946
175 0.99804 -0.05796 -0.023586 0.041524 0.895411 -0.4433 0.046813 0.441452 0.896063
176 0.97509 -0.055581 0.214735 -0.034602 0.918129 0.394769 -0.219096 -0.392366 0.893335
177 0.876987 0.237011 0.417997 -0.173163 0.967327 -0.185184 -0.44823 0.090023 0.889374
178 0.982038 0.035791 0.18526 -0.101646 0.927547 0.359616 -0.158966 -0.371988 0.914525
179 0.992049 0.011984 0.125279 0.005283 0.990613 -0.136596 -0.12574 0.136172 0.982673
180 0.974258 0.042709 0.221353 0.03236 0.945227 -0.324806 -0.223101 0.323608 0.919513
181 0.970503 0.043869 0.237064 -0.054747 0.997719 0.0395 -0.234791 -0.051313 0.970691
182 -0.024296 0.993585 -0.110451 -0.971312 -0.049605 -0.232577 -0.236563 0.101632 0.966286
183 0.996354 -0.082778 -0.020632 0.066963 0.908702 -0.41204 0.052856 0.409156 0.910932
184 0.910769 0.099375 0.400782 -0.109432 0.993992 0.00222 -0.398154 -0.04588 0.916171
185 0.994864 0.025705 0.0979 -0.040446 0.987596 0.151719 -0.092786 -0.154899 0.983564
186 0.978039 0.06 0.199601 -0.12845 0.9277 0.350535 -0.164138 -0.368475 0.915034
187 0.810816 -0.555057 0.185712 0.527807 0.830527 0.177888 -0.252977 -0.046214 0.966368
188 0.992595 0.024399 0.118999 -0.000334 0.980164 -0.198188 -0.121474 0.196681 0.972914
189 0.846913 0.124656 0.516913 -0.139171 0.99021 -0.010775 -0.513196 -0.062814 0.85597
190 0.959006 -0.048505 0.279204 -0.138527 0.779268 0.611189 -0.24722 -0.624811 0.740604
191 0.875044 -0.241891 -0.419269 0.364502 0.899222 0.241947 0.318491 -0.364539 0.875028
192 0.981799 0.053509 0.182229 0.026643 0.911199 -0.411104 -0.188045 0.408477 0.893189
193 0.906525 0.127446 0.402456 -0.043409 0.976429 -0.211428 -0.419916 0.174195 0.89069
194 0.955781 0.087676 0.280706 -0.020625 0.972158 -0.233419 -0.293356 0.217307 0.930978
195 0.980141 0.033752 0.195407 0.017232 0.967183 -0.253497 -0.197551 0.25183 0.947394
196 0.983444 0.026043 0.179329 0.018855 0.96954 -0.244206 -0.180227 0.243545 0.952998
197 0.978993 0.037145 0.200481 0.004603 0.978989 -0.20386 -0.203841 0.200501 0.958253
198 0.943685 0.095997 0.316611 -0.016028 0.969121 -0.246066 -0.330456 0.227134 0.916084
199 0.960082 0.079425 0.268203 -0.009446 0.967499 -0.252698 -0.279557 0.240077 0.929629
200 0.983782 0.047375 0.173002 0.00182 0.961805 -0.27373 -0.179362 0.269605 0.94612
201 0.995474 -0.094545 -0.009639 0.075623 0.849479 -0.522174 0.057557 0.519082 0.852784
202 0.98729 0.039262 0.154002 -0.000971 0.970477 -0.24119 -0.158925 0.237975 0.958181
203 0.961529 0.072859 0.264863 -0.003303 0.967182 -0.254061 -0.274682 0.243412 0.930215
204 0.975309 0.05108 0.214857 -0.017514 0.98771 -0.155315 -0.22015 0.147717 0.964217
205 0.966975 0.061712 0.247287 -0.04574 0.99651 -0.069826 -0.250733 0.056209 0.966423
206 0.996289 0.003001 0.086012 0.000922 0.998962 -0.04553 -0.086059 0.045441 0.995253
207 0.980382 0.052738 0.189918 0.027889 0.916731 -0.398531 -0.195122 0.396009 0.897276
208 0.98021 0.02183 0.196754 0.026696 0.970245 -0.240651 -0.196153 0.241141 0.950461
209 0.949213 -0.167405 -0.266404 0.156718 0.985755 -0.061042 0.272827 0.016192 0.961927
210 0.650522 -0.729095 0.212699 0.755071 0.651015 -0.077759 -0.081777 0.211187 0.974019
211 0.945942 0.029136 0.323024 -0.144896 0.929006 0.34052 -0.29017 -0.368917 0.883007
212 0.986041 -0.119744 -0.115692 0.08092 0.951893 -0.295554 0.145517 0.282066 0.948295
213 0.965522 -0.176202 -0.191629 0.122261 0.956805 -0.263775 0.229829 0.231252 0.945358
214 0.910032 -0.217266 -0.35304 0.286414 0.945223 0.156587 0.29968 -0.243615 0.922412
215 0.041923 0.947527 -0.316914 -0.998934 0.045874 0.005013 0.019288 0.316366 0.948441
216 -0.095705 0.971039 0.218915 -0.985561 -0.061578 -0.157725 -0.139677 -0.230849 0.962912
217 0.028475 0.9659 -0.257345 -0.999431 0.032167 0.010149 0.018081 0.256909 0.966266
218 0.817897 -0.291747 -0.495911 0.232562 0.955995 -0.178855 0.526269 0.030955 0.849755
219 0.980781 0.049036 0.188851 -0.000112 0.968046 -0.250774 -0.195113 0.245933 0.949446
220 0.047749 0.984166 -0.170696 -0.99558 0.033055 -0.08791 -0.080876 0.174139 0.981394
221 0.951673 0.034066 0.305218 -0.157695 0.907013 0.39046 -0.263535 -0.419722 0.868552
222 0.932699 0.126146 0.337876 0.058431 0.871607 -0.48671 -0.355892 0.473696 0.805576
223 0.985951 0.044461 0.161013 -0.058213 0.994954 0.081726 -0.156567 -0.089951 0.983563
224 0.668587 0.260061 0.696677 -0.332876 0.942416 -0.032339 -0.664969 -0.210286 0.716655
225 0.327938 0.477121 0.815359 -0.226798 0.87761 -0.42233 -0.91707 -0.046424 0.396012
226 0.354854 0.556808 0.751027 -0.450303 0.80578 -0.384637 -0.819332 -0.201701 0.536667
227 0.710642 0.33939 0.616281 -0.187837 0.935682 -0.29869 -0.678016 0.096502 0.728685
228 0.780342 0.014624 0.625182 -0.370116 0.816627 0.44287 -0.504064 -0.57698 0.642661
229 0.991406 0.033152 0.126554 -0.062372 0.970116 0.234489 -0.114999 -0.240367 0.963846
230 0.988516 -0.00272 0.151093 0.022935 0.990956 -0.132213 -0.149367 0.13416 0.979638
231 0.985428 -0.11374 -0.126467 0.12921 0.984119 0.121718 0.110614 -0.136285 0.984475
232 0.919048 0.106457 0.379496 -0.118277 0.992949 0.007894 -0.37598 -0.05214 0.92516
233 0.98626 0.039559 0.160392 -0.000633 0.971804 -0.23579 -0.165197 0.232449 0.958477
234 0.965776 0.101046 0.238884 0.011841 0.902859 -0.429773 -0.259106 0.417893 0.870763
235 0.940779 0.119575 0.317232 -0.02786 0.959837 -0.279174 -0.337873 0.253803 0.906326
236 0.997593 -0.068804 -0.008598 0.060439 0.923612 -0.378534 0.033986 0.377104 0.925548
237 0.999587 -0.028629 -0.002393 0.02802 0.989939 -0.138693 0.006339 0.138569 0.990333
238 0.988523 -0.115163 -0.097774 0.096 0.978592 -0.182048 0.116646 0.170572 0.978416
239 0.991328 0.008857 0.131114 0.036233 0.940631 -0.337493 -0.126319 0.339317 0.932153
240 0.981921 -0.130013 -0.137577 0.08467 0.951713 -0.29508 0.169299 0.278097 0.945516
241 0.997932 -0.063716 -0.008507 0.04857 0.834071 -0.549516 0.042108 0.547967 0.83544
242 0.986788 -0.105918 -0.122599 0.111318 0.993056 0.038048 0.117718 -0.051193 0.991727
243 0.976117 -0.183616 -0.116114 0.178659 0.982545 -0.05184 0.123606 0.029857 0.991882
244 0.987573 0.024219 0.155287 0.025791 0.949687 -0.312137 -0.155034 0.312263 0.93726
245 0.973613 0.063971 0.219059 -0.025302 0.984248 -0.174976 -0.226802 0.164816 0.959895
246 0.975441 0.046038 0.215394 0.217073 -0.366655 -0.904679 0.037326 0.929217 -0.367644
247 0.994684 0.010016 0.102487 0.015336 0.96975 -0.243618 -0.101827 0.243895 0.964441
248 0.998935 -0.008619 0.045322 0.026996 0.905845 -0.422748 -0.037411 0.423521 0.905113
249 0.96336 0.090225 0.252582 0.001093 0.940393 -0.340087 -0.268211 0.327902 0.905838
250 0.992761 0.014672 0.119204 0.036895 0.907262 -0.418946 -0.114296 0.420312 0.900153
251 0.986848 -0.143446 -0.074527 0.119317 0.957425 -0.262869 0.109061 0.25052 0.961949
252 0.943806 -0.211801 -0.253715 0.19017 0.975877 -0.107238 0.270308 0.052963 0.961316
253 0.96864 0.056481 0.241965 -0.011004 0.982617 -0.185317 -0.248226 0.176843 0.952423
254 0.979137 0.057256 0.194969 -0.14783 0.859019 0.490137 -0.139418 -0.508733 0.849561
255 0.976409 -0.162391 -0.14232 0.086431 0.897923 -0.431582 0.197878 0.409099 0.890776
256 0.993741 -0.003172 0.111665 0.047199 0.917913 -0.393965 -0.101249 0.39677 0.912317
257 0.991337 -0.10984 -0.072014 0.073005 0.916601 -0.393082 0.109185 0.38442 0.916679
258 0.947707 0.06642 0.312155 -0.181858 0.916158 0.357186 -0.262259 -0.395276 0.880328
259 0.797773 -0.284522 0.531606 -0.089043 0.816404 0.570576 -0.596347 -0.502526 0.62597
260 0.833695 0.206379 0.512212 -0.225195 0.97397 -0.025893 -0.504223 -0.093761 0.858469
261 0.997026 -0.075517 0.015366 0.072986 0.861306 -0.502817 0.024736 0.502443 0.864256
262 0.984326 0.068112 0.162672 -0.114882 0.947494 0.298426 -0.133805 -0.312436 0.940468
263 0.98254 0.07048 0.172186 -0.132272 0.915453 0.380066 -0.130842 -0.396205 0.908792
264 0.990186 0.028474 0.136828 -0.003325 0.983547 -0.18062 -0.13972 0.178392 0.973989
265 0.977016 -0.136466 -0.163759 0.085143 0.954106 -0.287112 0.195424 0.266571 0.943796
266 0.984362 0.068118 0.162457 -0.115051 0.946956 0.300062 -0.1334 -0.31406 0.939984
267 0.982609 0.070149 0.171924 -0.131821 0.915624 0.379811 -0.130775 -0.395869 0.908948
268 0.990191 0.028236 0.136839 -0.003148 0.983627 -0.180188 -0.139686 0.17799 0.974068
269 0.976811 -0.137226 -0.164348 0.085646 0.953948 -0.287485 0.19623 0.266743 0.94358
270 0.406381 0.47121 0.782825 -0.545402 0.812483 -0.205933 -0.73307 -0.343267 0.587176
271 0.969996 0.065119 0.234239 -0.040092 0.993115 -0.110066 -0.239794 0.097373 0.965928
272 0.969268 0.051033 0.240657 -0.10541 0.97005 0.218843 -0.222281 -0.237485 0.945617
273 0.98226 0.032825 0.18463 0.008866 0.975331 -0.220571 -0.187316 0.218295 0.957737
274 0.962749 0.076612 0.259319 0.008335 0.950158 -0.311657 -0.27027 0.302209 0.914125
275 0.874842 -0.230743 -0.425921 0.326971 0.930026 0.167756 0.357409 -0.286024 0.889072
276 0.969547 0.054382 0.238791 -0.02226 0.990567 -0.135209 -0.243891 0.125776 0.961612
277 0.762836 0.580387 0.285013 -0.432164 0.785526 -0.442925 -0.480953 0.214707 0.85005
278 0.970862 -0.162697 -0.175947 0.101352 0.944085 -0.313739 0.217153 0.286764 0.933066
279 0.693787 0.224073 0.684435 -0.395482 0.912786 0.102054 -0.601876 -0.341485 0.721896
280 0.042789 -0.974272 0.221277 0.966485 0.09648 0.237906 -0.253134 0.203682 0.945747
281 0.896386 0.168405 0.41004 -0.099595 0.977887 -0.183898 -0.431942 0.124006 0.893336
282 0.941812 -0.185453 -0.280351 0.026761 0.872753 -0.487427 0.335072 0.451563 0.826933
283 0.987035 0.029952 0.157688 0.006485 0.974191 -0.22563 -0.160376 0.223727 0.961366
284 0.964675 0.021104 0.262596 0.011856 0.992298 -0.123303 -0.263176 0.122061 0.956995
285 0.430778 -0.873923 -0.225144 0.900511 0.432635 0.043667 0.059244 -0.221556 0.973346
286 0.372323 -0.866371 -0.332833 0.833648 0.154563 0.530228 -0.40793 -0.474882 0.779795
287 0.9945 -0.09888 -0.034528 0.084951 0.954372 -0.286283 0.06126 0.281775 0.957523
288 0.992713 -0.061692 0.103513 0.070678 0.993827 -0.085516 -0.097598 0.092209 0.990945
289 0.975678 0.192773 0.104362 -0.147796 0.930091 -0.336285 -0.161893 0.312681 0.93596
290 0.86511 0.223795 0.448888 -0.186493 0.974301 -0.126325 -0.465623 0.025571 0.884614
291 0.985109 0.045449 0.165815 -0.004964 0.971546 -0.236798 -0.171859 0.232449 0.957304
292 0.995606 -0.03972 0.084804 0.032401 0.995768 0.086009 -0.087861 -0.082883 0.992679
293 0.985902 0.033216 0.163995 0.027763 0.934038 -0.356092 -0.165006 0.355625 0.919948
294 0.969299 -0.127153 -0.210455 0.172992 0.960902 0.216198 0.174736 -0.245967 0.953398
295 0.97218 0.064409 0.225205 -0.137516 0.935263 0.326148 -0.189619 -0.348043 0.918102
296 0.982897 0.046706 0.178135 -0.091712 0.962962 0.253561 -0.159695 -0.265562 0.950776
297 0.978647 0.041937 0.201226 0.016432 0.959871 -0.279962 -0.204892 0.27729 0.938685
298 0.896783 -0.260472 -0.35768 0.121617 0.922336 -0.366749 0.42543 0.285395 0.858813
299 0.998488 -0.054976 -0.000355 0.050177 0.913918 -0.402785 0.022468 0.402158 0.915295
300 0.998601 -0.04543 0.027061 0.052059 0.934411 -0.352373 -0.009278 0.353289 0.935469
301 0.996446 -0.080836 -0.023675 0.063345 0.904415 -0.421926 0.055519 0.418927 0.906321
302 0.97716 0.055133 0.20523 0.061141 0.851984 -0.519986 -0.203521 0.520658 0.829154
303 0.980322 0.046394 0.191874 0.015938 0.950215 -0.311188 -0.196759 0.308123 0.930777
304 0.99154 0.051862 0.118991 -0.026887 0.978891 -0.202605 -0.126986 0.197692 0.972004
305 0.943645 -0.214739 -0.251836 0.036926 0.824488 -0.564675 0.328893 0.523553 0.785953
306 0.998861 -0.042169 0.022312 0.047648 0.90513 -0.422456 -0.002381 0.423039 0.906108
307 0.931558 0.145136 0.333371 0.045248 0.863474 -0.502359 -0.360768 0.483061 0.797809
308 0.998179 -0.060288 0.002007 0.057386 0.93883 -0.339565 0.018587 0.339062 0.94058
309 0.996911 -0.060125 -0.050534 0.042601 0.954479 -0.29522 0.065983 0.292156 0.954092
310 0.925792 0.135892 0.352764 -0.037494 0.961563 -0.272014 -0.376169 0.238602 0.895302
311 0.989201 -0.113339 -0.09293 0.059609 0.890344 -0.451369 0.133898 0.440955 0.887485
312 0.987369 -0.086248 -0.132907 0.032932 0.932248 -0.360318 0.154979 0.35139 0.923313
313 0.999672 -0.02511 -0.004968 0.023221 0.97129 -0.236762 0.01077 0.236569 0.971555
314 0.972598 -0.181052 -0.145855 0.10069 0.893483 -0.437666 0.209558 0.410987 0.88723
315 0.994199 0.010157 0.107079 0.042914 0.875406 -0.48148 -0.098628 0.483282 0.869892
316 0.998282 -0.056703 0.014748 0.058537 0.954622 -0.292012 0.002479 0.292373 0.956301
317 0.998577 -0.052385 0.009987 0.053076 0.958062 -0.281602 0.005184 0.281732 0.959479
318 0.975999 0.043045 0.21348 -0.130917 0.899339 0.417193 -0.174033 -0.435128 0.883389
319 0.055169 -0.998127 0.026429 0.980736 0.059137 0.186173 -0.187387 0.015649 0.982161
320 0.944769 0.068483 0.320504 -0.046715 0.996079 -0.07513 -0.324392 0.056009 0.944264
321 0.99051 -0.121236 -0.064752 0.116387 0.990441 -0.074037 0.073109 0.065798 0.995151
322 0.93047 0.126798 0.343727 -0.130405 0.99138 -0.012706 -0.342375 -0.033 0.938984
323 0.985854 -0.101624 -0.133282 0.068448 0.969993 -0.2333 0.152991 0.220877 0.963227
324 0.991859 0.029714 0.123826 0.019016 0.92693 -0.374751 -0.125914 0.374055 0.918819
325 0.958638 0.073272 0.275036 -0.006516 0.971694 -0.236154 -0.284554 0.224594 0.93198
326 0.954953 0.060472 0.290531 0.053692 0.927651 -0.369568 -0.29186 0.368519 0.882616
327 0.964418 0.064058 0.256506 0.03655 0.928584 -0.369319 -0.261845 0.365553 0.893201
328 0.951166 0.100097 0.292001 -0.01944 0.96351 -0.266966 -0.308068 0.248252 0.918403
329 0.94953 0.095801 0.298687 -0.03284 0.977348 -0.209077 -0.311951 0.188716 0.931167
330 0.93275 0.073639 0.352923 0.023228 0.964608 -0.262662 -0.359774 0.253196 0.898028
331 0.981136 -0.124579 -0.147824 0.131173 0.990717 0.035693 0.142005 -0.05441 0.98837
332 0.996036 -0.057437 -0.067914 0.058182 0.998265 0.009044 0.067277 -0.01296 0.99765
333 0.937375 -0.186297 -0.294317 0.236487 0.960746 0.145057 0.25574 -0.205575 0.944635
334 0.899518 -0.258829 -0.351958 0.287233 0.95739 0.030035 0.329187 -0.128111 0.935534
335 0.94797 0.125874 0.29242 0.006248 0.910984 -0.412393 -0.318299 0.392763 0.862799
336 0.997953 -0.061846 0.01625 0.063933 0.960029 -0.272499 0.001253 0.272981 0.962018
337 0.999161 -0.019363 0.036087 0.022158 0.99665 -0.078726 -0.034442 0.079459 0.996243
338 0.990878 -0.132089 0.026703 0.134384 0.953683 -0.269127 0.010082 0.27026 0.962734
339 0.978772 -0.162459 -0.124952 0.103185 0.917357 -0.384462 0.177084 0.363407 0.914646
340 0.991766 -0.06953 0.107544 0.10482 0.923188 -0.369779 -0.073573 0.378007 0.922874
341 0.084183 -0.955213 -0.283692 0.977565 0.024003 0.209263 -0.193081 -0.294943 0.935803
342 0.993116 -0.005397 0.117014 0.018898 0.993234 -0.114579 -0.115604 0.116001 0.986499
343 0.834984 0.091198 0.542665 -0.216914 0.960868 0.172281 -0.505718 -0.261563 0.822091
344 0.946578 -0.241547 -0.21365 0.168199 0.935083 -0.311978 0.275137 0.259376 0.925756
345 0.129784 0.94709 -0.293559 -0.958259 0.043739 -0.282537 -0.254748 0.317974 0.913234
346 0.986735 -0.124482 -0.1042 0.071255 0.908848 -0.410996 0.145863 0.39812 0.905663
347 0.968048 0.058908 0.243748 -0.013273 0.982691 -0.184779 -0.250414 0.175639 0.952074
348 0.983858 0.086186 0.156832 -0.168497 0.741331 0.649643 -0.060274 -0.665582 0.743886
349 0.976257 0.050992 0.210527 -0.017812 0.987503 -0.156588 -0.215881 0.14912 0.964966
350 0.988465 0.138065 0.062251 -0.150703 0.937425 0.313886 -0.01502 -0.319646 0.947418
351 0.985157 0.025296 0.16978 -0.000486 0.989489 -0.14461 -0.171653 0.142381 0.974814
352 0.979496 0.0435 0.196715 -0.00211 0.978572 -0.205893 -0.201456 0.201257 0.958599
353 0.99978 0.015401 0.014213 -0.011977 0.976425 -0.215527 -0.017197 0.21531 0.976395
354 0.6657 -0.371594 -0.647118 0.376767 0.915917 -0.138361 0.64412 -0.151706 0.74973
355 0.950469 -0.162214 -0.265133 0.214521 0.95963 0.18191 0.224921 -0.229776 0.946897
356 0.97194 0.068302 0.225095 -0.009201 0.967222 -0.253764 -0.235049 0.244573 0.940711
357 0.976849 -0.18056 -0.114734 0.106807 0.876321 -0.469738 0.185359 0.446609 0.875319
358 0.998959 -0.045351 0.00485 0.045286 0.973609 -0.223683 0.005422 0.223669 0.97465
359 0.519851 0.653166 0.550573 -0.351885 0.751014 -0.558708 -0.778417 0.096707 0.620254
360 0.969182 -0.180155 -0.168022 0.145048 0.968608 -0.20189 0.199119 0.171297 0.964888
361 0.965467 0.051545 0.255376 -0.06702 0.996382 0.052264 -0.251758 -0.067574 0.965428
362 0.999806 -0.017766 -0.008552 0.019427 0.961681 0.273481 0.003366 -0.273594 0.961839
363 0.973007 0.070353 0.219791 -0.000112 0.952542 -0.304406 -0.230776 0.296164 0.926838
364 0.988641 -0.117207 -0.094083 0.076694 0.931765 -0.354872 0.129257 0.343625 0.93017
365 0.996958 -0.061438 0.04796 0.072211 0.959671 -0.271693 -0.029333 0.274329 0.961188
366 0.991781 0.011073 0.12747 0.009023 0.987715 -0.156007 -0.127632 0.155875 0.979496
367 0.518057 0.265547 0.813082 -0.490133 0.871206 0.02776 -0.70099 -0.412899 0.581487
368 0.980665 0.050214 0.189144 0.015555 0.943461 -0.33112 -0.195077 0.32766 0.924437
369 0.998963 -0.025144 -0.037943 0.017703 0.982571 -0.185044 0.041935 0.184181 0.981997
370 0.992518 0.030135 0.118322 0.011537 0.941582 -0.336586 -0.121553 0.335433 0.93419
371 0.998088 0.039613 0.047441 -0.038643 0.999028 -0.021202 -0.048235 0.019328 0.998649
372 0.998725 -0.044766 0.023325 0.04968 0.953569 -0.297051 -0.008944 0.297831 0.954577
373 0.996089 -0.012131 0.087522 0.036572 0.958303 -0.283405 -0.080434 0.285497 0.954998
374 0.991727 0.029356 0.124965 0.002035 0.969783 -0.24396 -0.12835 0.242196 0.9617
375 0.996254 -0.014661 0.085228 0.044177 0.93351 -0.35582 -0.074345 0.358252 0.93066
376 0.997354 -0.023837 0.068678 0.050175 0.909332 -0.413034 -0.052606 0.415387 0.908122
377 0.963792 0.0737 0.25627 0.043276 0.905075 -0.423045 -0.263122 0.418818 0.869114
378 0.966013 0.066412 0.249815 0.01588 0.94936 -0.31379 -0.258004 0.307093 0.916039
379 0.968011 0.056674 0.244425 -0.023204 0.990202 -0.137699 -0.249834 0.127622 0.959842
380 0.966946 0.046979 0.250616 -0.045458 0.998896 -0.011857 -0.250896 7.2e-05 0.968014
381 0.996787 -0.05016 -0.062447 0.048295 0.998351 -0.031029 0.0639 0.027914 0.997566
382 0.999186 -0.039607 -0.007671 0.036527 0.968884 -0.244805 0.017128 0.244325 0.969542
383 0.995595 -0.086637 -0.035854 0.063149 0.902228 -0.426609 0.069309 0.422466 0.903725
384 0.982656 0.033742 0.18234 0.017652 0.961821 -0.273111 -0.184594 0.271593 0.944544
385 0.071194 0.504885 0.860245 -0.538497 0.745409 -0.392921 -0.839615 -0.435266 0.324948
386 0.989905 0.023417 0.139783 0.001111 0.984944 -0.172873 -0.141726 0.171283 0.974975
387 0.987907 0.038292 0.150244 -0.009753 0.982452 -0.186261 -0.15474 0.182544 0.970945
388 0.998945 -0.045377 -0.007114 0.037101 0.888473 -0.457427 0.027077 0.456681 0.889219
389 0.99761 -0.007633 0.068675 0.02672 0.959176 -0.281547 -0.063723 0.282709 0.957087
390 0.996932 -0.033518 0.070733 0.059118 0.914702 -0.399782 -0.051299 0.402738 0.913877
391 0.984793 0.07904 0.154712 -0.071492 0.995991 -0.053766 -0.158341 0.041888 0.986496
392 0.984922 0.049735 0.165694 -0.003993 0.964063 -0.265644 -0.172951 0.260977 0.949726
393 0.98147 0.061705 0.181408 -0.013357 0.96646 -0.25647 -0.191149 0.249294 0.949376
394 0.99293 0.014366 0.117828 0.028302 0.935368 -0.352543 -0.115277 0.353385 0.928348
395 0.997703 0.000471 0.067736 -0.017222 0.968878 0.246943 -0.065511 -0.247543 0.96666
396 0.994065 -0.092387 -0.057439 0.082326 0.98401 -0.157945 0.071112 0.152279 0.985776
397 0.969505 -0.183511 -0.162427 0.153712 0.97155 -0.180177 0.190871 0.149715 0.970131
398 0.997922 -0.031258 0.056344 0.053659 0.887256 -0.458147 -0.035671 0.460219 0.887089
399 0.976876 0.047927 0.208367 0.002579 0.97184 -0.235627 -0.213792 0.230716 0.949243
400 0.942286 -0.183734 -0.279891 0.057826 0.912719 -0.404474 0.329777 0.364946 0.870667
401 0.981076 -0.15135 -0.120757 0.069168 0.856483 -0.51152 0.180845 0.493488 0.850744
402 0.997942 -0.051245 0.038544 0.062874 0.900033 -0.431264 -0.012591 0.4328 0.901403
403 0.98638 0.040375 0.159447 0.006507 0.959067 -0.283105 -0.164351 0.280287 0.945742
404 0.988113 0.025173 0.151655 -0.034658 0.997583 0.060231 -0.149773 -0.064771 0.986597
405 0.982765 0.0273 0.182832 -0.071346 0.968419 0.238901 -0.170536 -0.247828 0.953677
406 0.995288 -0.0632 -0.073533 0.073036 0.987475 0.139854 0.063773 -0.144566 0.987438
407 0.998214 -0.05974 -0.000663 0.054434 0.914009 -0.402025 0.024623 0.401271 0.915629
408 0.995188 -0.022911 0.095266 0.051267 0.950326 -0.307006 -0.0835 0.310412 0.946928
409 0.993974 0.001237 0.109613 0.028591 0.962401 -0.270123 -0.105826 0.271629 0.956566
410 0.977633 0.057035 0.202437 -0.027424 0.988879 -0.146174 -0.208522 0.137353 0.968325
411 0.996989 -0.074749 -0.020644 0.060129 0.913264 -0.402907 0.04897 0.400452 0.915009
412 0.975157 -0.11614 -0.188627 0.029729 0.912446 -0.408115 0.21951 0.392369 0.893231
413 0.970368 -0.149675 -0.189692 0.085263 0.946648 -0.310786 0.226088 0.285404 0.931359
414 0.470945 0.573143 0.670611 -0.09297 0.788202 -0.608354 -0.87725 0.224154 0.424485
415 0.977801 0.04959 0.203582 -0.120811 0.927263 0.354384 -0.171201 -0.371112 0.91267
416 0.991886 -0.084937 -0.094592 0.057987 0.964422 -0.257928 0.113135 0.25035 0.961522
417 0.980642 -0.057335 -0.187228 0.091481 0.979554 0.179182 0.173127 -0.192841 0.965837
418 0.993617 0.057919 -0.096796 -0.079925 0.967029 -0.241795 0.0796 0.247988 0.965487
419 0.977603 0.05546 0.20302 -0.017761 0.982954 -0.182992 -0.209708 0.175288 0.961924
420 0.978397 0.047926 0.201102 -0.008012 0.980818 -0.194763 -0.206579 0.188944 0.960013
421 0.990107 -0.081429 -0.114269 0.030886 0.920884 -0.388612 0.136873 0.381238 0.914289
422 0.967991 -0.155925 -0.196677 0.09362 0.951372 -0.293474 0.232873 0.265667 0.935517
423 0.978415 -0.151398 -0.140649 0.096399 0.936416 -0.337389 0.182786 0.316548 0.930799
424 0.974429 -0.145781 -0.170988 0.096445 0.95866 -0.267713 0.202946 0.244376 0.948206
425 0.954408 0.060843 0.292238 0.031895 0.952618 -0.302493 -0.296796 0.298023 0.907245
426 0.997327 -0.070472 -0.019302 0.057349 0.918661 -0.390862 0.045277 0.38871 0.920247
427 0.988073 0.019905 0.152696 0.018833 0.968547 -0.248119 -0.152832 0.248035 0.95662
428 0.953816 0.044007 0.29715 0.054344 0.947609 -0.314776 -0.295435 0.316387 0.901454
429 0.994156 -0.107722 -0.007075 0.091671 0.877003 -0.471659 0.057012 0.468254 0.881753
430 0.967405 0.056037 0.246959 -0.088862 0.988315 0.123844 -0.237134 -0.141752 0.96108
431 -0.010841 -0.91363 0.406404 0.958617 0.106137 0.264176 -0.284493 0.392449 0.87467
432 0.075002 -0.990734 -0.113232 0.963605 0.042788 0.263883 -0.256593 -0.128903 0.957885
433 0.980176 0.019219 0.197196 0.003591 0.993397 -0.114675 -0.198098 0.11311 0.973635
434 0.996677 -0.019386 0.079115 0.04292 0.950484 -0.307794 -0.069231 0.310167 0.948158
435 0.996291 0.01252 -0.085137 0.024037 0.909492 0.415026 0.082628 -0.415533 0.905818
436 0.999791 -0.011828 -0.016683 0.010007 0.994389 -0.105313 0.017835 0.105124 0.9943
437 0.992619 -0.089537 -0.081796 0.057463 0.941197 -0.332936 0.106796 0.325779 0.939395
438 0.962743 0.068062 0.261711 0.006763 0.961445 -0.274915 -0.270332 0.266442 0.925164
439 0.764178 0.262774 0.589051 -0.130711 0.957392 -0.257517 -0.631622 0.119793 0.765966
440 0.967932 -0.181196 -0.173998 0.232031 0.910301 0.342803 0.096276 -0.372183 0.923153
441 0.974936 0.056957 0.215073 -0.022782 0.987152 -0.158154 -0.221318 0.14929 0.963707
442 0.989132 -0.107048 -0.10079 0.067848 0.940475 -0.333021 0.13044 0.322564 0.937517
443 0.935719 -0.35232 -0.017336 0.317487 0.819754 0.476661 -0.153726 -0.451525 0.878916
444 -0.032806 0.986665 -0.159422 -0.994183 -0.048587 -0.096121 -0.102585 0.155342 0.98252
445 0.997155 0.011103 0.074561 0.017309 0.928945 -0.369813 -0.073369 0.370051 0.92611
446 0.977738 0.06874 0.198252 -0.040578 0.988924 -0.142768 -0.20587 0.131545 0.969698
447 0.936815 0.086532 0.338955 0.008137 0.963272 -0.268405 -0.349731 0.254204 0.901703
448 0.584863 0.366836 0.723441 -0.356442 0.917395 -0.17702 -0.728618 -0.154333 0.667306
449 0.86015 0.104851 0.49915 -0.256461 0.934838 0.245572 -0.440876 -0.33924 0.830991
450 0.961612 0.022786 0.273466 -0.10924 0.945967 0.30531 -0.251733 -0.323463 0.912142
451 0.997397 -0.071184 -0.011493 0.058971 0.897003 -0.438073 0.041493 0.436255 0.898866
452 0.002782 0.962036 -0.272911 -0.977952 -0.05437 -0.201627 -0.208811 0.267454 0.940673
453 0.995155 -0.091202 -0.036737 0.071899 0.929866 -0.360804 0.067066 0.356414 0.931918
454 0.99979 0.010844 0.017396 -0.014406 0.975416 0.219902 -0.014583 -0.220106 0.975367
455 0.999067 -0.043171 0.000802 0.041112 0.945417 -0.323258 0.013197 0.32299 0.94631
456 0.974187 0.060637 0.217445 -0.079565 0.993665 0.079368 -0.211254 -0.09462 0.972841
457 0.987492 -0.112812 -0.110144 0.122314 0.988956 0.083688 0.099486 -0.096114 0.990386
458 0.721522 0.199498 0.663028 -0.270977 0.962571 0.005256 -0.637163 -0.183458 0.748576
459 0.986171 0.043397 0.159947 0.013822 0.940207 -0.340323 -0.165153 0.337828 0.926606
460 0.986085 -0.007082 0.166089 0.056881 0.953161 -0.297069 -0.156206 0.302382 0.940301
461 0.991491 0.034854 0.125423 -0.065245 0.966789 0.247107 -0.112645 -0.253188 0.960836
